222
225
232
150
60
198
231
226
229
224
226
228
226
230
237
156
52
90
200
228
179
117
119
232
226
230
241
158
69
131
120
132
136
170
111
230
228
235
188
122
125
166
194
183
191
131
195
235
216
110
78
127
114
115
194
193
136
138
238
232
98
74
139
169
186
180
187
159
92
213
232
232
170
98
160
204
134
114
151
125
62
172
235
232
231
198
141
130
186
163
125
52
24
98
230
234
226
234
235
152
119
127
61
43
65
80
130
235
225
229
236
156
94
60
141
200
115
73
80
232
225
229
236
152
33
141
235
234
232
186
193
232
229
233
235
203
173
236
233
233
233
237
237
236
