255
255
249
230
213
223
199
216
233
250
255
255
255
244
218
194
190
209
180
202
200
216
245
255
251
209
212
183
154
144
148
153
184
194
216
250
228
207
193
143
144
143
143
143
140
185
208
233
212
203
154
142
161
206
198
175
191
169
191
214
198
191
149
180
192
170
206
227
236
164
191
204
208
201
146
193
184
160
211
236
234
163
189
205
202
198
154
146
189
215
185
180
184
169
196
211
228
195
189
143
142
145
144
143
140
180
208
233
251
203
202
185
155
144
146
155
184
189
221
250
255
245
208
201
194
214
195
189
205
220
244
255
255
255
250
229
209
225
205
202
233
250
255
255
