255
255
255
202
111
246
255
255
255
255
255
255
255
255
255
198
97
139
237
255
222
166
175
255
255
255
255
197
105
162
152
165
177
212
161
255
255
255
229
153
156
195
222
211
218
172
239
255
255
156
113
157
150
162
236
229
178
175
255
255
144
119
171
207
227
215
231
209
147
245
255
255
215
144
190
244
175
149
198
179
118
206
255
255
255
240
174
161
226
210
166
95
69
136
255
255
255
255
255
182
150
158
95
77
97
122
177
255
255
255
255
196
129
94
172
231
156
117
132
255
255
255
255
196
80
189
255
255
255
234
246
255
255
255
255
252
218
255
255
255
255
255
255
255
